id, price, quantity
id: 1, price: 2500.000000, quantity: 5;
id: 2, price: 1500.000000, quantity: 10;
id: 3, price: 500.000000, quantity: 2;